region,year,GCAM_region_ID,poptot,popruralpct,pctagemploy_pred,totagemploy_pred
USA,2010,1,1555777857,0.17713999999999996,0.029538805296806435,45955819.20300576
USA,2020,1,1682511674.1815982,0.14939497648622901,0.019951744922156373,33569043.75182152
USA,2030,1,1808739644.0856059,0.125242755030301,0.011606147191270559,20992498.539943866
USA,2040,1,1919531079.727317,0.10444798487037303,0.004420688620610125,8485649.201058017
USA,2050,1,2014612343.390861,0.08671442243113205,0,0
Africa_Eastern,2010,2,1024172902.5952277,0.7693140700007031,0.23415959282582643,239819909.85494334
Africa_Eastern,2020,2,1298414462.929161,0.7216042337809614,0.21767385872377007,282630886.368542
Africa_Eastern,2030,2,1583792371.985965,0.6721088273501574,0.20057113579818164,317663034.9177212
Africa_Eastern,2040,2,1861178751.1674411,0.6218686963962802,0.18321107955436258,340988568.24502724
Africa_Eastern,2050,2,2113207862.6205776,0.5724665759326286,0.16614059081299656,351089602.80645245
Africa_Northern,2010,3,661506229.0002649,0.4593949948197162,0.12706965348801685,84057367.29922839
Africa_Northern,2020,3,755257075.7442793,0.4054346750172548,0.10842411716238154,81888081.66821541
Africa_Northern,2030,3,832324358.6271652,0.35913058618163346,0.09242412728888491,76926852.46739662
Africa_Northern,2040,3,892372458.2185873,0.3195097161450615,0.07873346766669193,70259578.08579953
Africa_Northern,2050,3,935630052.729586,0.2854439382713987,0.0669623235902732,62651962.35166291
Africa_Southern,2010,4,542089127.8994025,0.6506616906553875,0.19316025743817314,104710075.49948335
Africa_Southern,2020,4,683517725.3395814,0.592034318103516,0.17290206014441636,118181622.85643896
Africa_Southern,2030,4,835708773.6413159,0.5381274087570042,0.1542749793542601,128928953.79968804
Africa_Southern,2040,4,988394535.8496021,0.48942202295382514,0.1374452414362533,135850125.6141221
Africa_Southern,2050,4,1130331716.0322638,0.4451126604290266,0.12213451252385368,138052513.12785155
Africa_Western,2010,5,1642011928.679666,0.5631635417780101,0.1629260053193677,267526444.2265285
Africa_Western,2020,5,2088733660.4353557,0.5021233092300933,0.14183406447350388,296253584.662166
Africa_Western,2030,5,2582857237.9801555,0.4487729923127548,0.12339930953305936,318722799.789216
Africa_Western,2040,5,3096229545.156742,0.40243013379889636,0.10738592312213394,332491467.9046816
Africa_Western,2050,5,3597933857.8832927,0.36264642930965096,0.09363899741935613,336906919.2333477
Australia_NZ,2010,6,106545560,0.11368882964095356,0.007613785093725484,811214.9965306341
Australia_NZ,2020,6,123355485.30447203,0.09624516714346419,0.0015862736938722852,195675.56133333323
Australia_NZ,2030,6,139366851.03218472,0.08166165968257985,0,0
Australia_NZ,2040,6,153962391.11931467,0.06937709354995933,0,0
Australia_NZ,2050,6,167890545.87612015,0.05899029486388944,0,0
Brazil,2010,7,779785410,0.13471000000000002,0.014877474355980198,11601237.440442504
Brazil,2020,7,842970939.374828,0.11291276998011497,0.00734562418122537,6192147.716342002
Brazil,2030,7,891276266.053983,0.09781613582227708,0.0021291087562750263,1897624.1023156452
Brazil,2040,7,919362780.7564969,0.086797794211371,0,0
Brazil,2050,7,927472506.32356,0.07843285978845102,0,0
Canada,2010,8,136066779,0.19418000000000007,0.03542683450330375,4820415.261030606
Canada,2020,8,151056601.3690611,0.161469856220462,0.02412411842803113,3644107.34076312
Canada,2030,8,165534773.129135,0.13412921829073296,0.014676790103235846,2429519.1200030795
Canada,2040,8,178160800.610966,0.11135518141423206,0.006807412504721569,1212814.061930296
Canada,2050,8,190339413.4668647,0.09242445429972092,2.660583879098635e-4,50641.39750270299
Central America and Caribbean,2010,9,309629136.99959356,0.40413992604662985,0.10797672750544951,33432740.953552607
Central America and Caribbean,2020,9,343799580.6515676,0.3521073733320214,0.0899973149425256,30941039.137007356
Central America and Caribbean,2030,9,371364981.0930425,0.3097900255716988,0.07537491003910532,27991602.041562125
Central America and Caribbean,2040,9,391130727.6605742,0.27548809624204157,0.06352216580599339,24845470.93427384
Central America and Caribbean,2050,9,402666485.34884965,0.2475136805085185,0.05385584087209194,21685942.15947219
Central Asia,2010,10,320456071.956413,0.5477110802390003,0.15758653672465142,50499562.55199681
Central Asia,2020,10,348712366.21839774,0.48785348313622373,0.13690324564648856,47739854.732365586
Central Asia,2030,10,366774441.1297016,0.43574030410195047,0.11889597333444502,43608004.172312975
Central Asia,2040,10,377040691.7620329,0.39000006386946395,0.10309081662076647,38869432.81300667
Central Asia,2050,10,380236682.7658823,0.3503661622080878,0.08939565402982612,33991506.94198756
China,2010,11,5365340456,0.53045,0.15162211509419798,813504268.1391886
China,2020,11,5516916073.389091,0.45331752430414796,0.12496963447995985,689446985.14805
China,2030,11,5522604733.054831,0.3907472671873631,0.10334900646577713,570755712.264415
China,2040,11,5358347858.43471,0.340991937959312,0.08615646939572712,461656333.27689
China,2050,11,5052552284.841089,0.30151918225562296,0.07251698944007848,366395880.68526566
EU-12,2010,12,327040562,0.35580230093097753,0.09127406621121964,29850321.909742482
EU-12,2020,12,327062653.90950274,0.3092205663353764,0.07517813817200579,24587961.38651151
EU-12,2030,12,323884277.7326094,0.27041000840773843,0.06176747510872019,20005514.06295477
EU-12,2040,12,316466783.22606194,0.23802631634021723,0.05057756168690218,16006118.250471648
EU-12,2050,12,308756770.3091446,0.21091435222963587,0.04120924968404954,12723634.839310275
EU-15,2010,13,1587233523.3321471,0.23225597132363465,0.04858366732133855,77113625.45884508
EU-15,2020,13,1648051043.0589783,0.1983903340367405,0.03688168014751954,60782891.43688719
EU-15,2030,13,1696128781.1728632,0.17013630873598826,0.027118738470762377,45996872.82935983
EU-15,2040,13,1736425890.2812908,0.146588077146593,0.018981844376882037,32960566.021308303
EU-15,2050,13,1766260064.2772198,0.12673309741080369,0.012121122511932564,21409054.627038065
Europe_Eastern,2010,14,234465905.00000003,0.3157693508229267,0.07744101577351707,18157277.84745696
Europe_Eastern,2020,14,221625861.69280508,0.27779759606483484,0.06432019411638112,14255018.445291458
Europe_Eastern,2030,14,211435782.2790651,0.24428448465631494,0.0527400193057026,11151127.239314225
Europe_Eastern,2040,14,203548522.3091762,0.2148440860236989,0.04256713626581024,8664477.68583902
Europe_Eastern,2050,14,197075275.4471441,0.18909606840527338,0.03367012454358631,6635549.068766919
Europe_Non_EU,2010,15,384145397.0903354,0.3392852647838097,0.08556674278168352,32870070.38359641
Europe_Non_EU,2020,15,416795030.7851839,0.2999659476061225,0.07198028222289525,30001023.945017852
Europe_Non_EU,2030,15,443550203.44357383,0.26662426259086386,0.06045934236587204,26816753.606447227
Europe_Non_EU,2040,15,462670263.5953316,0.2376301115642239,0.050440656446714235,23337391.814122837
Europe_Non_EU,2050,15,473701482.22845596,0.2120494319948914,0.04160146698507822,19706676.573709726
European Free Trade Association,2010,16,50189286.80101861,0.2412446465913117,0.05168962873588093,2594265.601263301
European Free Trade Association,2020,16,54107589.69107832,0.2026990550185846,0.03837052257614311,2076136.491782209
European Free Trade Association,2030,16,58091693.14425855,0.17181353913289338,0.027698291379389277,1609040.6434317438
European Free Trade Association,2040,16,61688106.31142009,0.146812598129256,0.01905942572097777,1175739.880110291
European Free Trade Association,2050,16,64940077.8470528,0.12631717199146186,0.011977402968692583,777813.4811924176
India,2010,17,4898456981,0.6999,0.21017414262007608,1029528996.1430013
India,2020,17,5552357371.05544,0.642670424026133,0.19039894222045262,1057162970.278889
India,2030,17,6114380581.3238,0.584132760616325,0.1701717431689822,1040494801.9224458
India,2040,17,6583538663.606319,0.526315752759448,0.15019356060480532,988805113.2664348
India,2050,17,6935181434.33093,0.47091074398629196,0.13104882411169613,908847371.9703345
Indonesia,2010,18,959483811.045426,0.55719,0.16086189801566142,154344386.96006748
Indonesia,2020,18,1046819563.7274871,0.49247284643334,0.13849942792400277,144983910.71591112
Indonesia,2030,18,1109455542.073151,0.43647693944775806,0.11915051150525799,132192195.33035924
Indonesia,2040,18,1145255898.446649,0.38908603501796696,0.10277498161060242,117703653.9022883
Indonesia,2050,18,1150088587.022408,0.34937336143493497,0.08905260004223475,102418378.9532454
Japan,2010,19,506143760.04865694,0.3316700000000001,0.08293535185079848,41977210.82672148
Japan,2020,19,499250644.061962,0.293139333456122,0.06962140290970917,34758530.24316966
Japan,2030,19,481639439.970293,0.258372603986807,0.057608050883317385,27746309.365221128
Japan,2040,19,459017229.569857,0.227243230173285,0.04685155662310676,21505671.72217375
Japan,2050,19,434435099.40378004,0.19953747495096394,0.03727806507750285,16194899.907525532
Mexico,2010,20,453692140.977476,0.22172,0.04494305072084685,20390308.903600305
Mexico,2020,20,504731262.04686904,0.18786231446988394,0.033243811209947585,16779190.787244696
Mexico,2030,20,546988792.4868671,0.15956162883814204,0.023464746446825863,12834953.324959783
Mexico,2040,20,577192360.0858269,0.13586909064805697,0.015277988416352098,8818338.191398192
Mexico,2050,20,594876102.952497,0.11598248172689395,0.008406337351446164,5000729.203732309
Middle East,2010,21,845928283.0008966,0.32269431269341775,0.07983387831737455,67533735.61031917
Middle East,2020,21,1030499878.4021552,0.28251998167255316,0.06595197489000718,67963502.10453439
Middle East,2030,21,1198400383.017493,0.24996386983687613,0.0547024832621634,65555476.89338462
Middle East,2040,21,1351887618.8258643,0.2225889148676646,0.045243296971948316,61163853.01123865
Middle East,2050,21,1480956232.47625,0.19961511457947814,0.037304892800523584,55246913.49479379
Pakistan,2010,22,694373149,0.6410499999999999,0.18983901827721428,131819116.92421784
Pakistan,2020,22,829362909.71479106,0.580347536634621,0.16886379074190433,140049364.83517537
Pakistan,2030,22,958736782.464074,0.522747131120862,0.1489604533022858,142813865.71342343
Pakistan,2040,22,1071915310.9937589,0.46982226132752297,0.13067270805033476,140070076.48817125
Pakistan,2050,22,1170307241.482241,0.422292230560293,0.11424910421564205,133706553.9964251
Russia,2010,23,571832492,0.26832999999999996,0.061048745633689436,34909656.34918675
Russia,2020,23,567874679.2444291,0.228715378974898,0.04736024530504382,26894684.111539237
Russia,2030,23,558528590.569329,0.19551356277061402,0.0358876359435662,20044270.722425222
Russia,2040,23,551168808.4730331,0.167663482825627,0.026264274199471867,14476048.715931933
Russia,2050,23,546859156.418405,0.144240824737942,0.01817077097681407,9936852.48785258
South Africa,2010,24,200531451,0.38298000000000004,0.1006650923781092,20186517.039631277
South Africa,2020,24,219187987.44212782,0.32848172275897297,0.08183366936760726,17936957.293690342
South Africa,2030,24,234341255.18395212,0.2847794767922569,0.06673272449427675,15638230.41983368
South Africa,2040,24,245015742.2498568,0.24959812309165302,0.05457610253927285,13372004.272764232
South Africa,2050,24,252179730.25898522,0.22102219109633098,0.04470192870175313,11272920.322064493
South America_Northern,2010,25,115919571,0.06647000000000006,0,0
South America_Northern,2020,25,132812939.9423768,0.044621879463731064,0,0
South America_Northern,2030,25,147456424.78139043,0.029726375624405957,0,0
South America_Northern,2040,25,158915058.7826709,0.019700697250070932,0,0
South America_Northern,2050,25,166855542.85754782,0.01301099132969199,0,0
South America_Southern,2010,26,321634366,0.24169742899140323,0.05184608389996115,16675482.324746812
South America_Southern,2020,26,354483255.38647634,0.2106365055521804,0.04111324209298228,14573955.896612668
South America_Southern,2030,26,380719562.4855309,0.1836591840505522,0.03179145471536177,12103628.7300111
South America_Southern,2040,26,398476814.79178625,0.16038559785638162,0.023749462036300253,9463609.985243374
South America_Southern,2050,26,407381878.5705217,0.1403358599530939,0.016821443118625747,6852751.097932932
South Asia,2010,27,923692560.6874657,0.7514468513422198,0.22798572514390025,210588718.25835794
South Asia,2020,27,1060088277.0332756,0.6963224381993555,0.20893794611947492,221492667.30866554
South Asia,2030,27,1190172812.6586018,0.6401332067774785,0.1895222280618079,225564203.2336469
South Asia,2040,27,1299485868.4498613,0.5853141128429418,0.17057994953127564,221666233.85678324
South Asia,2050,27,1381074336.1438024,0.5333208341891253,0.1526141077909457,210771427.60355902
South Korea,2010,28,192734752.0058305,0.17042000000000002,0.027216765609737105,5245616.5701934965
South Korea,2020,28,197510665.1663686,0.14382627103669507,0.018027525419266915,3560628.5368630267
South Korea,2030,28,198642941.6594078,0.11989486509650803,0.009758228639433368,1938403.2423221248
South Korea,2040,28,194520557.3469393,0.09881551261328596,0.002474435031730178,481328.4814909457
South Korea,2050,28,184732752.8546458,0.08061409785631896,0,0
Southeast Asia,2010,29,1492706514.9834793,0.5994468407848188,0.17546339524073878,261915353.216972
Southeast Asia,2020,29,1653617967.5100014,0.5387567906057231,0.15449245697792774,255471502.7034672
Southeast Asia,2030,29,1782683299.1169407,0.4818268639139124,0.1348207978766877,240342784.74839184
Southeast Asia,2040,29,1868177398.5596368,0.4300353979306098,0.11692469081348372,218436064.7113239
Southeast Asia,2050,29,1909592519.2186332,0.3837117288994915,0.10091793516751318,192712134.0508742
Argentina,2010,31,161649128,0.07607,0,0
Argentina,2020,31,174278605.5924055,0.05916021810628095,0,0
Argentina,2030,31,184621018.0165335,0.04582292605523804,0,0
Argentina,2040,31,192566580.38161838,0.03537937294743699,0,0
Argentina,2050,31,197508039.15709382,0.027248050971326022,0,0
Colombia,2010,32,185179523,0.24929,0.054469633186992966,10086660.691552328
Colombia,2020,32,208932278.5294098,0.20712518645287006,0.03989993520271991,8336384.375080079
Colombia,2030,32,229311305.88095382,0.17449154968347402,0.028623655483680746,6563727.818049356
Colombia,2040,32,244898506.84293008,0.148802356950213,0.01974697020757872,4836003.518507854
Colombia,2050,32,255600159.6660561,0.128237244253297,0.012640867848755406,3231007.840459397
NA,2010,NA,85945113,0.42533,0.11529877998932747,9909366.674944889
NA,2020,NA,83063547.5985873,0.366791888591969,0.09507142613582525,7896969.9300986985
NA,2030,NA,79660609.6503217,0.324307915915479,0.08039144538892352,6404031.550352192
NA,2040,NA,75739095.045947,0.293056585322704,0.06959280998562771,5270896.450015986
NA,2050,NA,71028360.5418237,0.26963592705714007,0.06149999778474553,4368244.015976264
